(kicad_pcb (version 20171130) (host pcbnew "(5.1.0)-1")

  (general
    (thickness 1.6)
    (drawings 28)
    (tracks 102)
    (zones 0)
    (modules 23)
    (nets 16)
  )

  (page A4)
  (layers
    (0 F.Cu signal)
    (31 B.Cu signal)
    (32 B.Adhes user)
    (33 F.Adhes user)
    (34 B.Paste user)
    (35 F.Paste user)
    (36 B.SilkS user)
    (37 F.SilkS user)
    (38 B.Mask user)
    (39 F.Mask user)
    (40 Dwgs.User user)
    (41 Cmts.User user)
    (42 Eco1.User user)
    (43 Eco2.User user)
    (44 Edge.Cuts user)
    (45 Margin user)
    (46 B.CrtYd user)
    (47 F.CrtYd user)
    (48 B.Fab user)
    (49 F.Fab user)
  )

  (setup
    (last_trace_width 1)
    (user_trace_width 0.4)
    (user_trace_width 1)
    (trace_clearance 0.2)
    (zone_clearance 0.508)
    (zone_45_only no)
    (trace_min 0.2)
    (via_size 0.8)
    (via_drill 0.4)
    (via_min_size 0.4)
    (via_min_drill 0.3)
    (uvia_size 0.3)
    (uvia_drill 0.1)
    (uvias_allowed no)
    (uvia_min_size 0.2)
    (uvia_min_drill 0.1)
    (edge_width 0.05)
    (segment_width 0.2)
    (pcb_text_width 0.3)
    (pcb_text_size 1.5 1.5)
    (mod_edge_width 0.12)
    (mod_text_size 1 1)
    (mod_text_width 0.15)
    (pad_size 4 4)
    (pad_drill 3)
    (pad_to_mask_clearance 0.051)
    (solder_mask_min_width 0.25)
    (aux_axis_origin 0 0)
    (visible_elements 7FFFFFFF)
    (pcbplotparams
      (layerselection 0x010fc_ffffffff)
      (usegerberextensions false)
      (usegerberattributes false)
      (usegerberadvancedattributes false)
      (creategerberjobfile false)
      (excludeedgelayer true)
      (linewidth 0.100000)
      (plotframeref false)
      (viasonmask false)
      (mode 1)
      (useauxorigin false)
      (hpglpennumber 1)
      (hpglpenspeed 20)
      (hpglpendiameter 15.000000)
      (psnegative false)
      (psa4output false)
      (plotreference true)
      (plotvalue true)
      (plotinvisibletext false)
      (padsonsilk false)
      (subtractmaskfromsilk false)
      (outputformat 1)
      (mirror false)
      (drillshape 1)
      (scaleselection 1)
      (outputdirectory ""))
  )

  (net 0 "")
  (net 1 GND)
  (net 2 "Net-(C1-Pad1)")
  (net 3 "Net-(C2-Pad2)")
  (net 4 "Net-(C2-Pad1)")
  (net 5 +5V)
  (net 6 "Net-(LCDpanel1-Pad2)")
  (net 7 "Net-(LCDpanel1-Pad4)")
  (net 8 "Net-(LCDpanel1-Pad6)")
  (net 9 "Net-(LCDpanel1-Pad7)")
  (net 10 "Net-(C3-Pad1)")
  (net 11 "Net-(DifferentialAmp,Gain=4-Pad3)")
  (net 12 "Net-(BT1-Pad1)")
  (net 13 "Net-(C4-Pad1)")
  (net 14 "Net-(LCDpanel1-Pad9)")
  (net 15 "Net-(LCDpanel1-Pad10)")

  (net_class Default "This is the default net class."
    (clearance 0.2)
    (trace_width 0.25)
    (via_dia 0.8)
    (via_drill 0.4)
    (uvia_dia 0.3)
    (uvia_drill 0.1)
    (add_net +5V)
    (add_net GND)
    (add_net "Net-(BT1-Pad1)")
    (add_net "Net-(C1-Pad1)")
    (add_net "Net-(C2-Pad1)")
    (add_net "Net-(C2-Pad2)")
    (add_net "Net-(C3-Pad1)")
    (add_net "Net-(C4-Pad1)")
    (add_net "Net-(DifferentialAmp,Gain=4-Pad3)")
    (add_net "Net-(LCDpanel1-Pad10)")
    (add_net "Net-(LCDpanel1-Pad2)")
    (add_net "Net-(LCDpanel1-Pad4)")
    (add_net "Net-(LCDpanel1-Pad6)")
    (add_net "Net-(LCDpanel1-Pad7)")
    (add_net "Net-(LCDpanel1-Pad9)")
  )

  (module library:SwitchONOFF (layer F.Cu) (tedit 5CD04B25) (tstamp 5CCCCB85)
    (at 112.776 115.824 90)
    (path /5CCF46B0)
    (fp_text reference "SPST Switch" (at 11.43 -5.588 90) (layer F.SilkS)
      (effects (font (size 1 1) (thickness 0.15)))
    )
    (fp_text value SW_SPST (at 11.43 -7.62 90) (layer F.Fab)
      (effects (font (size 1 1) (thickness 0.15)))
    )
    (fp_line (start 0 0) (end 23 0) (layer F.SilkS) (width 0.15))
    (fp_line (start 0 -13.46) (end 23 -13.46) (layer F.SilkS) (width 0.15))
    (fp_line (start 0 -13.46) (end 0 0) (layer F.SilkS) (width 0.15))
    (fp_line (start 23 -13.46) (end 23 0) (layer F.SilkS) (width 0.15))
    (pad 1 thru_hole oval (at 10.16 -2.286 90) (size 4 1.524) (drill oval 3 0.6) (layers *.Cu *.Mask)
      (net 12 "Net-(BT1-Pad1)"))
    (pad 2 thru_hole oval (at 16.51 -2.286 90) (size 4 1.524) (drill oval 3 0.6) (layers *.Cu *.Mask)
      (net 13 "Net-(C4-Pad1)"))
  )

  (module Connector:Banana_Jack_1Pin (layer F.Cu) (tedit 5CD04DCC) (tstamp 5CD0CC82)
    (at 109.22 75.184)
    (descr "Single banana socket, footprint - 6mm drill")
    (tags "banana socket")
    (zone_connect 2)
    (fp_text reference REF** (at 0 3.556) (layer Dwgs.User)
      (effects (font (size 1 1) (thickness 0.15)))
    )
    (fp_text value Banana_Jack_1Pin (at -0.25 6.5) (layer F.Fab)
      (effects (font (size 1 1) (thickness 0.15)))
    )
    (fp_text user %R (at 0 0) (layer F.Fab)
      (effects (font (size 0.8 0.8) (thickness 0.12)))
    )
    (fp_circle (center 0 0) (end 2 0) (layer F.Fab) (width 0.1))
    (pad 1 thru_hole circle (at 0 0) (size 4 4) (drill 3) (layers *.Cu *.Mask)
      (net 1 GND) (zone_connect 2))
    (model ${KISYS3DMOD}/Connector.3dshapes/Banana_Jack_1Pin.wrl
      (at (xyz 0 0 0))
      (scale (xyz 2 2 2))
      (rotate (xyz 0 0 0))
    )
  )

  (module Connector:Banana_Jack_1Pin (layer F.Cu) (tedit 5CD04E22) (tstamp 5CD0BD45)
    (at 109.22 147.32)
    (descr "Single banana socket, footprint - 6mm drill")
    (tags "banana socket")
    (fp_text reference REF** (at 0 -3.175) (layer Dwgs.User)
      (effects (font (size 1 1) (thickness 0.15)))
    )
    (fp_text value "drill 2mm" (at 0 3.175) (layer F.Fab)
      (effects (font (size 1 1) (thickness 0.15)))
    )
    (fp_circle (center 0 0) (end 2 0) (layer F.Fab) (width 0.1))
    (fp_text user %R (at 0 0) (layer F.Fab)
      (effects (font (size 0.8 0.8) (thickness 0.12)))
    )
    (pad 1 thru_hole circle (at 0 0) (size 4 4) (drill 3) (layers *.Cu *.Mask)
      (net 1 GND) (zone_connect 2))
    (model ${KISYS3DMOD}/Connector.3dshapes/Banana_Jack_1Pin.wrl
      (at (xyz 0 0 0))
      (scale (xyz 2 2 2))
      (rotate (xyz 0 0 0))
    )
  )

  (module Connector:Banana_Jack_1Pin (layer F.Cu) (tedit 5CD04E2B) (tstamp 5CD0BD69)
    (at 63.5 147.32)
    (descr "Single banana socket, footprint - 6mm drill")
    (tags "banana socket")
    (fp_text reference REF** (at 0 2.54) (layer Dwgs.User)
      (effects (font (size 1 1) (thickness 0.15)))
    )
    (fp_text value Banana_Jack_1Pin (at -0.25 6.5) (layer F.Fab)
      (effects (font (size 1 1) (thickness 0.15)))
    )
    (fp_text user %R (at 0 0) (layer F.Fab)
      (effects (font (size 0.8 0.8) (thickness 0.12)))
    )
    (fp_circle (center 0 0) (end 2 0) (layer F.Fab) (width 0.1))
    (pad 1 thru_hole circle (at 0 0) (size 4 4) (drill 3) (layers *.Cu *.Mask)
      (net 1 GND) (zone_connect 2))
    (model ${KISYS3DMOD}/Connector.3dshapes/Banana_Jack_1Pin.wrl
      (at (xyz 0 0 0))
      (scale (xyz 2 2 2))
      (rotate (xyz 0 0 0))
    )
  )

  (module Connector:Banana_Jack_1Pin (layer F.Cu) (tedit 5CD04D69) (tstamp 5CD0BBBE)
    (at 63.5 75.184)
    (descr "Single banana socket, footprint - 6mm drill")
    (tags "banana socket")
    (fp_text reference REF** (at 0 3.556) (layer Dwgs.User)
      (effects (font (size 1 1) (thickness 0.15)))
    )
    (fp_text value Banana_Jack_1Pin (at -0.25 6.5) (layer F.Fab)
      (effects (font (size 1 1) (thickness 0.15)))
    )
    (fp_circle (center 0 0) (end 2 0) (layer F.Fab) (width 0.1))
    (fp_text user %R (at 0 0) (layer F.Fab)
      (effects (font (size 0.8 0.8) (thickness 0.12)))
    )
    (pad 1 thru_hole circle (at 0 0) (size 4 4) (drill 3) (layers *.Cu *.Mask)
      (net 1 GND) (zone_connect 2))
    (model ${KISYS3DMOD}/Connector.3dshapes/Banana_Jack_1Pin.wrl
      (at (xyz 0 0 0))
      (scale (xyz 2 2 2))
      (rotate (xyz 0 0 0))
    )
  )

  (module "" (layer F.Cu) (tedit 0) (tstamp 0)
    (at 90.424 115.824)
    (fp_text reference "" (at 79.2512 104.4324) (layer F.SilkS)
      (effects (font (size 1.27 1.27) (thickness 0.15)))
    )
    (fp_text value "" (at 79.2512 104.4324) (layer F.SilkS)
      (effects (font (size 1.27 1.27) (thickness 0.15)))
    )
    (fp_text user R6 (at 78.8612 104.5604) (layer F.SilkS)
      (effects (font (size 1 1) (thickness 0.15)))
    )
  )

  (module "Library:Display - SP200" (layer F.Cu) (tedit 5CD04852) (tstamp 5CCC4A2F)
    (at 79.2512 104.4324)
    (path /5CCC1B18)
    (fp_text reference LCDpanel1 (at 14.5288 -11.7856) (layer F.SilkS)
      (effects (font (size 1 1) (thickness 0.15)))
    )
    (fp_text value CC56-12CGKWA (at -0.254 0.2032) (layer F.Fab)
      (effects (font (size 1 1) (thickness 0.15)))
    )
    (fp_line (start -18.285 9.525) (end -18.285 -10.975) (layer F.SilkS) (width 0.15))
    (fp_line (start 17.005 -10.975) (end -18.285 -10.975) (layer F.SilkS) (width 0.15))
    (fp_line (start 18.275 10.795) (end -17.015 10.795) (layer F.SilkS) (width 0.15))
    (fp_line (start 18.275 10.795) (end 18.275 -9.705) (layer F.SilkS) (width 0.15))
    (fp_line (start 17.64 10.16) (end -17.65 10.16) (layer F.SilkS) (width 0.15))
    (fp_line (start -17.65 10.16) (end -17.65 -10.34) (layer F.SilkS) (width 0.15))
    (fp_line (start 17.64 10.16) (end 17.64 -10.34) (layer F.SilkS) (width 0.15))
    (fp_line (start 17.64 -10.34) (end -17.65 -10.34) (layer F.SilkS) (width 0.15))
    (fp_text user %R (at 8.128 6.604 180) (layer F.Fab)
      (effects (font (size 1 1) (thickness 0.15)))
    )
    (pad 1 thru_hole circle (at -13.95 -6.35 180) (size 1.5 1.5) (drill 0.7) (layers *.Cu *.Mask)
      (net 5 +5V))
    (pad 2 thru_hole circle (at -13.95 -3.81 180) (size 1.5 1.5) (drill 0.7) (layers *.Cu *.Mask)
      (net 6 "Net-(LCDpanel1-Pad2)"))
    (pad 3 thru_hole circle (at -13.95 -1.27 180) (size 1.5 1.5) (drill 0.7) (layers *.Cu *.Mask)
      (net 1 GND))
    (pad 4 thru_hole circle (at -13.95 1.27 180) (size 1.5 1.5) (drill 0.7) (layers *.Cu *.Mask)
      (net 7 "Net-(LCDpanel1-Pad4)"))
    (pad 5 thru_hole circle (at -13.95 3.81 180) (size 1.5 1.5) (drill 0.7) (layers *.Cu *.Mask)
      (net 1 GND))
    (pad 6 thru_hole circle (at -13.95 6.35 180) (size 1.5 1.5) (drill 0.7) (layers *.Cu *.Mask)
      (net 8 "Net-(LCDpanel1-Pad6)"))
    (pad 7 thru_hole circle (at 13.95 6.35) (size 1.5 1.5) (drill 0.7) (layers *.Cu *.Mask)
      (net 9 "Net-(LCDpanel1-Pad7)"))
    (pad 8 thru_hole circle (at 13.95 3.81) (size 1.5 1.5) (drill 0.7) (layers *.Cu *.Mask)
      (net 9 "Net-(LCDpanel1-Pad7)"))
    (pad 9 thru_hole circle (at 13.95 1.27) (size 1.5 1.5) (drill 0.7) (layers *.Cu *.Mask)
      (net 14 "Net-(LCDpanel1-Pad9)"))
    (pad 10 thru_hole circle (at 13.95 -1.27 180) (size 1.5 1.5) (drill 0.7) (layers *.Cu *.Mask)
      (net 15 "Net-(LCDpanel1-Pad10)"))
    (pad 11 thru_hole circle (at 13.95 -3.81) (size 1.5 1.5) (drill 0.7) (layers *.Cu *.Mask)
      (net 10 "Net-(C3-Pad1)"))
    (pad 12 thru_hole circle (at 13.95 -6.35) (size 1.5 1.5) (drill 0.7) (layers *.Cu *.Mask)
      (net 1 GND) (zone_connect 2))
  )

  (module Capacitor_SMD:C_0805_2012Metric_Pad1.15x1.40mm_HandSolder (layer F.Cu) (tedit 5B36C52B) (tstamp 5CCCF1D8)
    (at 98.806 85.6705 90)
    (descr "Capacitor SMD 0805 (2012 Metric), square (rectangular) end terminal, IPC_7351 nominal with elongated pad for handsoldering. (Body size source: https://docs.google.com/spreadsheets/d/1BsfQQcO9C6DZCsRaXUlFlo91Tg2WpOkGARC1WS5S8t0/edit?usp=sharing), generated with kicad-footprint-generator")
    (tags "capacitor handsolder")
    (path /5CD28773)
    (attr smd)
    (fp_text reference C5 (at 0 -1.65 90) (layer F.SilkS)
      (effects (font (size 1 1) (thickness 0.15)))
    )
    (fp_text value 0.1uF (at 0 1.65 90) (layer F.Fab)
      (effects (font (size 1 1) (thickness 0.15)))
    )
    (fp_line (start -1 0.6) (end -1 -0.6) (layer F.Fab) (width 0.1))
    (fp_line (start -1 -0.6) (end 1 -0.6) (layer F.Fab) (width 0.1))
    (fp_line (start 1 -0.6) (end 1 0.6) (layer F.Fab) (width 0.1))
    (fp_line (start 1 0.6) (end -1 0.6) (layer F.Fab) (width 0.1))
    (fp_line (start -0.261252 -0.71) (end 0.261252 -0.71) (layer F.SilkS) (width 0.12))
    (fp_line (start -0.261252 0.71) (end 0.261252 0.71) (layer F.SilkS) (width 0.12))
    (fp_line (start -1.85 0.95) (end -1.85 -0.95) (layer F.CrtYd) (width 0.05))
    (fp_line (start -1.85 -0.95) (end 1.85 -0.95) (layer F.CrtYd) (width 0.05))
    (fp_line (start 1.85 -0.95) (end 1.85 0.95) (layer F.CrtYd) (width 0.05))
    (fp_line (start 1.85 0.95) (end -1.85 0.95) (layer F.CrtYd) (width 0.05))
    (fp_text user %R (at -0.0545 0 90) (layer F.Fab)
      (effects (font (size 0.5 0.5) (thickness 0.08)))
    )
    (pad 1 smd roundrect (at -1.025 0 90) (size 1.15 1.4) (layers F.Cu F.Paste F.Mask) (roundrect_rratio 0.217391)
      (net 5 +5V))
    (pad 2 smd roundrect (at 1.025 0 90) (size 1.15 1.4) (layers F.Cu F.Paste F.Mask) (roundrect_rratio 0.217391)
      (net 1 GND))
    (model ${KISYS3DMOD}/Capacitor_SMD.3dshapes/C_0805_2012Metric.wrl
      (at (xyz 0 0 0))
      (scale (xyz 1 1 1))
      (rotate (xyz 0 0 0))
    )
  )

  (module MSOP-8_MS (layer F.Cu) (tedit 5CCC0B99) (tstamp 5CCC4A0E)
    (at 78.2352 86.1444)
    (path /5CCC625D)
    (attr smd)
    (fp_text reference DifferentialAmp,Gain=4 (at 0.0508 -2.8448) (layer F.SilkS) hide
      (effects (font (size 0.314961 0.314961) (thickness 0.05)))
    )
    (fp_text value LTC2053CMS8PBF (at 0 -2.1336) (layer F.SilkS)
      (effects (font (size 0.314961 0.314961) (thickness 0.05)))
    )
    (fp_line (start -1.5494 -0.7874) (end -1.5494 -1.1684) (layer Eco2.User) (width 0.1524))
    (fp_line (start -1.5494 -1.1684) (end -2.54 -1.1684) (layer Eco2.User) (width 0.1524))
    (fp_line (start -2.54 -1.1684) (end -2.54 -0.7874) (layer Eco2.User) (width 0.1524))
    (fp_line (start -2.54 -0.7874) (end -1.5494 -0.7874) (layer Eco2.User) (width 0.1524))
    (fp_line (start -1.5494 -0.127) (end -1.5494 -0.508) (layer Eco2.User) (width 0.1524))
    (fp_line (start -1.5494 -0.508) (end -2.54 -0.508) (layer Eco2.User) (width 0.1524))
    (fp_line (start -2.54 -0.508) (end -2.54 -0.127) (layer Eco2.User) (width 0.1524))
    (fp_line (start -2.54 -0.127) (end -1.5494 -0.127) (layer Eco2.User) (width 0.1524))
    (fp_line (start -1.5494 0.508) (end -1.5494 0.127) (layer Eco2.User) (width 0.1524))
    (fp_line (start -1.5494 0.127) (end -2.54 0.127) (layer Eco2.User) (width 0.1524))
    (fp_line (start -2.54 0.127) (end -2.54 0.508) (layer Eco2.User) (width 0.1524))
    (fp_line (start -2.54 0.508) (end -1.5494 0.508) (layer Eco2.User) (width 0.1524))
    (fp_line (start -1.5494 1.1684) (end -1.5494 0.7874) (layer Eco2.User) (width 0.1524))
    (fp_line (start -1.5494 0.7874) (end -2.54 0.7874) (layer Eco2.User) (width 0.1524))
    (fp_line (start -2.54 0.7874) (end -2.54 1.1684) (layer Eco2.User) (width 0.1524))
    (fp_line (start -2.54 1.1684) (end -1.5494 1.1684) (layer Eco2.User) (width 0.1524))
    (fp_line (start 1.5494 0.7874) (end 1.5494 1.1684) (layer Eco2.User) (width 0.1524))
    (fp_line (start 1.5494 1.1684) (end 2.54 1.1684) (layer Eco2.User) (width 0.1524))
    (fp_line (start 2.54 1.1684) (end 2.54 0.7874) (layer Eco2.User) (width 0.1524))
    (fp_line (start 2.54 0.7874) (end 1.5494 0.7874) (layer Eco2.User) (width 0.1524))
    (fp_line (start 1.5494 0.127) (end 1.5494 0.508) (layer Eco2.User) (width 0.1524))
    (fp_line (start 1.5494 0.508) (end 2.54 0.508) (layer Eco2.User) (width 0.1524))
    (fp_line (start 2.54 0.508) (end 2.54 0.127) (layer Eco2.User) (width 0.1524))
    (fp_line (start 2.54 0.127) (end 1.5494 0.127) (layer Eco2.User) (width 0.1524))
    (fp_line (start 1.5494 -0.508) (end 1.5494 -0.127) (layer Eco2.User) (width 0.1524))
    (fp_line (start 1.5494 -0.127) (end 2.54 -0.127) (layer Eco2.User) (width 0.1524))
    (fp_line (start 2.54 -0.127) (end 2.54 -0.508) (layer Eco2.User) (width 0.1524))
    (fp_line (start 2.54 -0.508) (end 1.5494 -0.508) (layer Eco2.User) (width 0.1524))
    (fp_line (start 1.5494 -1.1684) (end 1.5494 -0.7874) (layer Eco2.User) (width 0.1524))
    (fp_line (start 1.5494 -0.7874) (end 2.54 -0.7874) (layer Eco2.User) (width 0.1524))
    (fp_line (start 2.54 -0.7874) (end 2.54 -1.1684) (layer Eco2.User) (width 0.1524))
    (fp_line (start 2.54 -1.1684) (end 1.5494 -1.1684) (layer Eco2.User) (width 0.1524))
    (fp_line (start -1.5494 1.5494) (end 1.5494 1.5494) (layer Eco2.User) (width 0.1524))
    (fp_line (start 1.5494 1.5494) (end 1.5494 -1.5494) (layer Eco2.User) (width 0.1524))
    (fp_line (start 1.5494 -1.5494) (end 0.3048 -1.5494) (layer Eco2.User) (width 0.1524))
    (fp_line (start 0.3048 -1.5494) (end -0.3048 -1.5494) (layer Eco2.User) (width 0.1524))
    (fp_line (start -0.3048 -1.5494) (end -1.5494 -1.5494) (layer Eco2.User) (width 0.1524))
    (fp_line (start -1.5494 -1.5494) (end -1.5494 1.5494) (layer Eco2.User) (width 0.1524))
    (fp_arc (start 0 -1.5494) (end -0.3048 -1.5494) (angle -180) (layer Eco2.User) (width 0.1524))
    (fp_line (start -1.6764 1.6764) (end 1.6764 1.6764) (layer F.SilkS) (width 0.1524))
    (fp_line (start 1.6764 -1.6764) (end -1.6764 -1.6764) (layer F.SilkS) (width 0.1524))
    (fp_circle (center -2.54 -1.905) (end -2.321954 -1.688504) (layer F.SilkS) (width 0.15))
    (pad 1 smd rect (at -2.2098 -0.975) (size 1.397 0.4318) (layers F.Cu F.Paste F.Mask)
      (net 1 GND))
    (pad 2 smd rect (at -2.2098 -0.325) (size 1.397 0.4318) (layers F.Cu F.Paste F.Mask)
      (net 2 "Net-(C1-Pad1)"))
    (pad 3 smd rect (at -2.2098 0.325) (size 1.397 0.4318) (layers F.Cu F.Paste F.Mask)
      (net 11 "Net-(DifferentialAmp,Gain=4-Pad3)"))
    (pad 4 smd rect (at -2.2098 0.975) (size 1.397 0.4318) (layers F.Cu F.Paste F.Mask)
      (net 1 GND))
    (pad 5 smd rect (at 2.2098 0.975) (size 1.397 0.4318) (layers F.Cu F.Paste F.Mask)
      (net 1 GND))
    (pad 6 smd rect (at 2.2098 0.325) (size 1.397 0.4318) (layers F.Cu F.Paste F.Mask)
      (net 3 "Net-(C2-Pad2)"))
    (pad 7 smd rect (at 2.2098 -0.325) (size 1.397 0.4318) (layers F.Cu F.Paste F.Mask)
      (net 4 "Net-(C2-Pad1)"))
    (pad 8 smd rect (at 2.2098 -0.975) (size 1.397 0.4318) (layers F.Cu F.Paste F.Mask)
      (net 5 +5V))
  )

  (module Package_SIP:SIP3_11.6x8.5mm (layer F.Cu) (tedit 5CCC0F66) (tstamp 5CCC8DD8)
    (at 89.5985 66.9925 180)
    (descr RECOM,R78EXX,https://www.recom-power.com/pdf/Innoline/R-78Exx-0.5.pdf)
    (tags "SIP3 Regulator Module")
    (path /5CCC2E66)
    (fp_text reference "Hall Effect Sensor" (at 2.4765 -7.1755) (layer F.SilkS)
      (effects (font (size 1 1) (thickness 0.15)))
    )
    (fp_text value SS495A (at 2.54 -5.9055) (layer F.Fab)
      (effects (font (size 1 1) (thickness 0.15)))
    )
    (fp_arc (start 0 0) (end 0 -1.905) (angle -180) (layer F.SilkS) (width 0.15))
    (fp_arc (start 5.08 0) (end 5.08 1.905) (angle -180) (layer F.SilkS) (width 0.15))
    (fp_line (start 0 -1.905) (end 5.08 -1.905) (layer F.SilkS) (width 0.15))
    (fp_line (start 5.08 1.905) (end 0 1.905) (layer F.SilkS) (width 0.15))
    (pad 3 thru_hole circle (at 5.08 0 90) (size 1.3 1.3) (drill 0.7) (layers *.Cu *.Mask)
      (net 11 "Net-(DifferentialAmp,Gain=4-Pad3)"))
    (pad 1 thru_hole rect (at 0 0 90) (size 1.3 1.3) (drill 0.7) (layers *.Cu *.Mask)
      (net 5 +5V))
    (pad 2 thru_hole circle (at 2.54 0) (size 1.3 1.3) (drill 0.7) (layers *.Cu *.Mask)
      (net 1 GND))
    (model ${KISYS3DMOD}/Package_SIP.3dshapes/SIP3_11.6x8.5mm.wrl
      (at (xyz 0 0 0))
      (scale (xyz 1 1 1))
      (rotate (xyz 0 0 0))
    )
  )

  (module Capacitor_SMD:C_0805_2012Metric_Pad1.15x1.40mm_HandSolder (layer F.Cu) (tedit 5B36C52B) (tstamp 5CCC5045)
    (at 72.1482 86.4492 180)
    (descr "Capacitor SMD 0805 (2012 Metric), square (rectangular) end terminal, IPC_7351 nominal with elongated pad for handsoldering. (Body size source: https://docs.google.com/spreadsheets/d/1BsfQQcO9C6DZCsRaXUlFlo91Tg2WpOkGARC1WS5S8t0/edit?usp=sharing), generated with kicad-footprint-generator")
    (tags "capacitor handsolder")
    (path /5CD12F6E)
    (attr smd)
    (fp_text reference C1 (at 0.009 1.5748 180) (layer F.SilkS)
      (effects (font (size 1 1) (thickness 0.15)))
    )
    (fp_text value 0.1uF (at 0 1.65 180) (layer F.Fab)
      (effects (font (size 1 1) (thickness 0.15)))
    )
    (fp_text user %R (at 0.0508 0.0508 180) (layer F.Fab)
      (effects (font (size 0.5 0.5) (thickness 0.08)))
    )
    (fp_line (start 1.85 0.95) (end -1.85 0.95) (layer F.CrtYd) (width 0.05))
    (fp_line (start 1.85 -0.95) (end 1.85 0.95) (layer F.CrtYd) (width 0.05))
    (fp_line (start -1.85 -0.95) (end 1.85 -0.95) (layer F.CrtYd) (width 0.05))
    (fp_line (start -1.85 0.95) (end -1.85 -0.95) (layer F.CrtYd) (width 0.05))
    (fp_line (start -0.261252 0.71) (end 0.261252 0.71) (layer F.SilkS) (width 0.12))
    (fp_line (start -0.261252 -0.71) (end 0.261252 -0.71) (layer F.SilkS) (width 0.12))
    (fp_line (start 1 0.6) (end -1 0.6) (layer F.Fab) (width 0.1))
    (fp_line (start 1 -0.6) (end 1 0.6) (layer F.Fab) (width 0.1))
    (fp_line (start -1 -0.6) (end 1 -0.6) (layer F.Fab) (width 0.1))
    (fp_line (start -1 0.6) (end -1 -0.6) (layer F.Fab) (width 0.1))
    (pad 2 smd roundrect (at 1.025 0 180) (size 1.15 1.4) (layers F.Cu F.Paste F.Mask) (roundrect_rratio 0.217391)
      (net 1 GND))
    (pad 1 smd roundrect (at -1.025 0 180) (size 1.15 1.4) (layers F.Cu F.Paste F.Mask) (roundrect_rratio 0.217391)
      (net 2 "Net-(C1-Pad1)"))
    (model ${KISYS3DMOD}/Capacitor_SMD.3dshapes/C_0805_2012Metric.wrl
      (at (xyz 0 0 0))
      (scale (xyz 1 1 1))
      (rotate (xyz 0 0 0))
    )
  )

  (module Capacitor_SMD:C_0805_2012Metric_Pad1.15x1.40mm_HandSolder (layer F.Cu) (tedit 5B36C52B) (tstamp 5CCC5056)
    (at 84.1534 88.7098 270)
    (descr "Capacitor SMD 0805 (2012 Metric), square (rectangular) end terminal, IPC_7351 nominal with elongated pad for handsoldering. (Body size source: https://docs.google.com/spreadsheets/d/1BsfQQcO9C6DZCsRaXUlFlo91Tg2WpOkGARC1WS5S8t0/edit?usp=sharing), generated with kicad-footprint-generator")
    (tags "capacitor handsolder")
    (path /5CD22B71)
    (attr smd)
    (fp_text reference C2 (at 0 -1.65 270) (layer F.SilkS)
      (effects (font (size 1 1) (thickness 0.15)))
    )
    (fp_text value 0.1uF (at 0 1.65 270) (layer F.Fab)
      (effects (font (size 1 1) (thickness 0.15)))
    )
    (fp_line (start -1 0.6) (end -1 -0.6) (layer F.Fab) (width 0.1))
    (fp_line (start -1 -0.6) (end 1 -0.6) (layer F.Fab) (width 0.1))
    (fp_line (start 1 -0.6) (end 1 0.6) (layer F.Fab) (width 0.1))
    (fp_line (start 1 0.6) (end -1 0.6) (layer F.Fab) (width 0.1))
    (fp_line (start -0.261252 -0.71) (end 0.261252 -0.71) (layer F.SilkS) (width 0.12))
    (fp_line (start -0.261252 0.71) (end 0.261252 0.71) (layer F.SilkS) (width 0.12))
    (fp_line (start -1.85 0.95) (end -1.85 -0.95) (layer F.CrtYd) (width 0.05))
    (fp_line (start -1.85 -0.95) (end 1.85 -0.95) (layer F.CrtYd) (width 0.05))
    (fp_line (start 1.85 -0.95) (end 1.85 0.95) (layer F.CrtYd) (width 0.05))
    (fp_line (start 1.85 0.95) (end -1.85 0.95) (layer F.CrtYd) (width 0.05))
    (fp_text user %R (at 0 0 270) (layer F.Fab)
      (effects (font (size 0.5 0.5) (thickness 0.08)))
    )
    (pad 1 smd roundrect (at -1.025 0 270) (size 1.15 1.4) (layers F.Cu F.Paste F.Mask) (roundrect_rratio 0.217391)
      (net 4 "Net-(C2-Pad1)"))
    (pad 2 smd roundrect (at 1.025 0 270) (size 1.15 1.4) (layers F.Cu F.Paste F.Mask) (roundrect_rratio 0.217391)
      (net 3 "Net-(C2-Pad2)"))
    (model ${KISYS3DMOD}/Capacitor_SMD.3dshapes/C_0805_2012Metric.wrl
      (at (xyz 0 0 0))
      (scale (xyz 1 1 1))
      (rotate (xyz 0 0 0))
    )
  )

  (module Capacitor_SMD:C_0805_2012Metric_Pad1.15x1.40mm_HandSolder (layer F.Cu) (tedit 5B36C52B) (tstamp 5CCC5067)
    (at 89.2175 84.3915)
    (descr "Capacitor SMD 0805 (2012 Metric), square (rectangular) end terminal, IPC_7351 nominal with elongated pad for handsoldering. (Body size source: https://docs.google.com/spreadsheets/d/1BsfQQcO9C6DZCsRaXUlFlo91Tg2WpOkGARC1WS5S8t0/edit?usp=sharing), generated with kicad-footprint-generator")
    (tags "capacitor handsolder")
    (path /5CD0AFFE)
    (attr smd)
    (fp_text reference C3 (at 0 1.6764) (layer F.SilkS)
      (effects (font (size 1 1) (thickness 0.15)))
    )
    (fp_text value 0.1uF (at 0 1.65) (layer F.Fab)
      (effects (font (size 1 1) (thickness 0.15)))
    )
    (fp_line (start -1 0.6) (end -1 -0.6) (layer F.Fab) (width 0.1))
    (fp_line (start -1 -0.6) (end 1 -0.6) (layer F.Fab) (width 0.1))
    (fp_line (start 1 -0.6) (end 1 0.6) (layer F.Fab) (width 0.1))
    (fp_line (start 1 0.6) (end -1 0.6) (layer F.Fab) (width 0.1))
    (fp_line (start -0.261252 -0.71) (end 0.261252 -0.71) (layer F.SilkS) (width 0.12))
    (fp_line (start -0.261252 0.71) (end 0.261252 0.71) (layer F.SilkS) (width 0.12))
    (fp_line (start -1.85 0.95) (end -1.85 -0.95) (layer F.CrtYd) (width 0.05))
    (fp_line (start -1.85 -0.95) (end 1.85 -0.95) (layer F.CrtYd) (width 0.05))
    (fp_line (start 1.85 -0.95) (end 1.85 0.95) (layer F.CrtYd) (width 0.05))
    (fp_line (start 1.85 0.95) (end -1.85 0.95) (layer F.CrtYd) (width 0.05))
    (fp_text user %R (at 0 0) (layer F.Fab)
      (effects (font (size 0.5 0.5) (thickness 0.08)))
    )
    (pad 1 smd roundrect (at -1.025 0) (size 1.15 1.4) (layers F.Cu F.Paste F.Mask) (roundrect_rratio 0.217391)
      (net 10 "Net-(C3-Pad1)"))
    (pad 2 smd roundrect (at 1.025 0) (size 1.15 1.4) (layers F.Cu F.Paste F.Mask) (roundrect_rratio 0.217391)
      (net 1 GND))
    (model ${KISYS3DMOD}/Capacitor_SMD.3dshapes/C_0805_2012Metric.wrl
      (at (xyz 0 0 0))
      (scale (xyz 1 1 1))
      (rotate (xyz 0 0 0))
    )
  )

  (module Resistor_SMD:R_0805_2012Metric_Pad1.15x1.40mm_HandSolder (layer F.Cu) (tedit 5B36C52B) (tstamp 5CCC5078)
    (at 78.731 82.804)
    (descr "Resistor SMD 0805 (2012 Metric), square (rectangular) end terminal, IPC_7351 nominal with elongated pad for handsoldering. (Body size source: https://docs.google.com/spreadsheets/d/1BsfQQcO9C6DZCsRaXUlFlo91Tg2WpOkGARC1WS5S8t0/edit?usp=sharing), generated with kicad-footprint-generator")
    (tags "resistor handsolder")
    (path /5CCC737F)
    (attr smd)
    (fp_text reference R1 (at 0 -1.65) (layer F.SilkS)
      (effects (font (size 1 1) (thickness 0.15)))
    )
    (fp_text value 10kΩ (at 0 1.65) (layer F.Fab)
      (effects (font (size 1 1) (thickness 0.15)))
    )
    (fp_text user %R (at 0 0) (layer F.Fab)
      (effects (font (size 0.5 0.5) (thickness 0.08)))
    )
    (fp_line (start 1.85 0.95) (end -1.85 0.95) (layer F.CrtYd) (width 0.05))
    (fp_line (start 1.85 -0.95) (end 1.85 0.95) (layer F.CrtYd) (width 0.05))
    (fp_line (start -1.85 -0.95) (end 1.85 -0.95) (layer F.CrtYd) (width 0.05))
    (fp_line (start -1.85 0.95) (end -1.85 -0.95) (layer F.CrtYd) (width 0.05))
    (fp_line (start -0.261252 0.71) (end 0.261252 0.71) (layer F.SilkS) (width 0.12))
    (fp_line (start -0.261252 -0.71) (end 0.261252 -0.71) (layer F.SilkS) (width 0.12))
    (fp_line (start 1 0.6) (end -1 0.6) (layer F.Fab) (width 0.1))
    (fp_line (start 1 -0.6) (end 1 0.6) (layer F.Fab) (width 0.1))
    (fp_line (start -1 -0.6) (end 1 -0.6) (layer F.Fab) (width 0.1))
    (fp_line (start -1 0.6) (end -1 -0.6) (layer F.Fab) (width 0.1))
    (pad 2 smd roundrect (at 1.025 0) (size 1.15 1.4) (layers F.Cu F.Paste F.Mask) (roundrect_rratio 0.217391)
      (net 5 +5V))
    (pad 1 smd roundrect (at -1.025 0) (size 1.15 1.4) (layers F.Cu F.Paste F.Mask) (roundrect_rratio 0.217391)
      (net 2 "Net-(C1-Pad1)"))
    (model ${KISYS3DMOD}/Resistor_SMD.3dshapes/R_0805_2012Metric.wrl
      (at (xyz 0 0 0))
      (scale (xyz 1 1 1))
      (rotate (xyz 0 0 0))
    )
  )

  (module Resistor_SMD:R_0805_2012Metric_Pad1.15x1.40mm_HandSolder (layer F.Cu) (tedit 5B36C52B) (tstamp 5CCC8A01)
    (at 72.1302 90.0052 180)
    (descr "Resistor SMD 0805 (2012 Metric), square (rectangular) end terminal, IPC_7351 nominal with elongated pad for handsoldering. (Body size source: https://docs.google.com/spreadsheets/d/1BsfQQcO9C6DZCsRaXUlFlo91Tg2WpOkGARC1WS5S8t0/edit?usp=sharing), generated with kicad-footprint-generator")
    (tags "resistor handsolder")
    (path /5CCC9A65)
    (attr smd)
    (fp_text reference R2 (at -0.009 -1.778 180) (layer F.SilkS)
      (effects (font (size 1 1) (thickness 0.15)))
    )
    (fp_text value 10kΩ (at 0 1.65 180) (layer F.Fab)
      (effects (font (size 1 1) (thickness 0.15)))
    )
    (fp_line (start -1 0.6) (end -1 -0.6) (layer F.Fab) (width 0.1))
    (fp_line (start -1 -0.6) (end 1 -0.6) (layer F.Fab) (width 0.1))
    (fp_line (start 1 -0.6) (end 1 0.6) (layer F.Fab) (width 0.1))
    (fp_line (start 1 0.6) (end -1 0.6) (layer F.Fab) (width 0.1))
    (fp_line (start -0.261252 -0.71) (end 0.261252 -0.71) (layer F.SilkS) (width 0.12))
    (fp_line (start -0.261252 0.71) (end 0.261252 0.71) (layer F.SilkS) (width 0.12))
    (fp_line (start -1.85 0.95) (end -1.85 -0.95) (layer F.CrtYd) (width 0.05))
    (fp_line (start -1.85 -0.95) (end 1.85 -0.95) (layer F.CrtYd) (width 0.05))
    (fp_line (start 1.85 -0.95) (end 1.85 0.95) (layer F.CrtYd) (width 0.05))
    (fp_line (start 1.85 0.95) (end -1.85 0.95) (layer F.CrtYd) (width 0.05))
    (fp_text user %R (at 0 0 180) (layer F.Fab)
      (effects (font (size 0.5 0.5) (thickness 0.08)))
    )
    (pad 1 smd roundrect (at -1.025 0 180) (size 1.15 1.4) (layers F.Cu F.Paste F.Mask) (roundrect_rratio 0.217391)
      (net 2 "Net-(C1-Pad1)"))
    (pad 2 smd roundrect (at 1.025 0 180) (size 1.15 1.4) (layers F.Cu F.Paste F.Mask) (roundrect_rratio 0.217391)
      (net 1 GND))
    (model ${KISYS3DMOD}/Resistor_SMD.3dshapes/R_0805_2012Metric.wrl
      (at (xyz 0 0 0))
      (scale (xyz 1 1 1))
      (rotate (xyz 0 0 0))
    )
  )

  (module Resistor_SMD:R_0805_2012Metric_Pad1.15x1.40mm_HandSolder (layer F.Cu) (tedit 5B36C52B) (tstamp 5CCC509A)
    (at 87.503 88.668 270)
    (descr "Resistor SMD 0805 (2012 Metric), square (rectangular) end terminal, IPC_7351 nominal with elongated pad for handsoldering. (Body size source: https://docs.google.com/spreadsheets/d/1BsfQQcO9C6DZCsRaXUlFlo91Tg2WpOkGARC1WS5S8t0/edit?usp=sharing), generated with kicad-footprint-generator")
    (tags "resistor handsolder")
    (path /5CCCA104)
    (attr smd)
    (fp_text reference R3 (at 0 -1.65 270) (layer F.SilkS)
      (effects (font (size 1 1) (thickness 0.15)))
    )
    (fp_text value 30kΩ (at 0 1.65 270) (layer F.Fab)
      (effects (font (size 1 1) (thickness 0.15)))
    )
    (fp_line (start -1 0.6) (end -1 -0.6) (layer F.Fab) (width 0.1))
    (fp_line (start -1 -0.6) (end 1 -0.6) (layer F.Fab) (width 0.1))
    (fp_line (start 1 -0.6) (end 1 0.6) (layer F.Fab) (width 0.1))
    (fp_line (start 1 0.6) (end -1 0.6) (layer F.Fab) (width 0.1))
    (fp_line (start -0.261252 -0.71) (end 0.261252 -0.71) (layer F.SilkS) (width 0.12))
    (fp_line (start -0.261252 0.71) (end 0.261252 0.71) (layer F.SilkS) (width 0.12))
    (fp_line (start -1.85 0.95) (end -1.85 -0.95) (layer F.CrtYd) (width 0.05))
    (fp_line (start -1.85 -0.95) (end 1.85 -0.95) (layer F.CrtYd) (width 0.05))
    (fp_line (start 1.85 -0.95) (end 1.85 0.95) (layer F.CrtYd) (width 0.05))
    (fp_line (start 1.85 0.95) (end -1.85 0.95) (layer F.CrtYd) (width 0.05))
    (fp_text user %R (at 0 0 270) (layer F.Fab)
      (effects (font (size 0.5 0.5) (thickness 0.08)))
    )
    (pad 1 smd roundrect (at -1.025 0 270) (size 1.15 1.4) (layers F.Cu F.Paste F.Mask) (roundrect_rratio 0.217391)
      (net 4 "Net-(C2-Pad1)"))
    (pad 2 smd roundrect (at 1.025 0 270) (size 1.15 1.4) (layers F.Cu F.Paste F.Mask) (roundrect_rratio 0.217391)
      (net 3 "Net-(C2-Pad2)"))
    (model ${KISYS3DMOD}/Resistor_SMD.3dshapes/R_0805_2012Metric.wrl
      (at (xyz 0 0 0))
      (scale (xyz 1 1 1))
      (rotate (xyz 0 0 0))
    )
  )

  (module Resistor_SMD:R_0805_2012Metric_Pad1.15x1.40mm_HandSolder (layer F.Cu) (tedit 5B36C52B) (tstamp 5CCC50AB)
    (at 77.4134 90.0052 180)
    (descr "Resistor SMD 0805 (2012 Metric), square (rectangular) end terminal, IPC_7351 nominal with elongated pad for handsoldering. (Body size source: https://docs.google.com/spreadsheets/d/1BsfQQcO9C6DZCsRaXUlFlo91Tg2WpOkGARC1WS5S8t0/edit?usp=sharing), generated with kicad-footprint-generator")
    (tags "resistor handsolder")
    (path /5CD00D1D)
    (attr smd)
    (fp_text reference R4 (at 0 -1.7272 180) (layer F.SilkS)
      (effects (font (size 1 1) (thickness 0.15)))
    )
    (fp_text value 10kΩ (at 0 1.65 180) (layer F.Fab)
      (effects (font (size 1 1) (thickness 0.15)))
    )
    (fp_text user %R (at 0 0 180) (layer F.Fab)
      (effects (font (size 0.5 0.5) (thickness 0.08)))
    )
    (fp_line (start 1.85 0.95) (end -1.85 0.95) (layer F.CrtYd) (width 0.05))
    (fp_line (start 1.85 -0.95) (end 1.85 0.95) (layer F.CrtYd) (width 0.05))
    (fp_line (start -1.85 -0.95) (end 1.85 -0.95) (layer F.CrtYd) (width 0.05))
    (fp_line (start -1.85 0.95) (end -1.85 -0.95) (layer F.CrtYd) (width 0.05))
    (fp_line (start -0.261252 0.71) (end 0.261252 0.71) (layer F.SilkS) (width 0.12))
    (fp_line (start -0.261252 -0.71) (end 0.261252 -0.71) (layer F.SilkS) (width 0.12))
    (fp_line (start 1 0.6) (end -1 0.6) (layer F.Fab) (width 0.1))
    (fp_line (start 1 -0.6) (end 1 0.6) (layer F.Fab) (width 0.1))
    (fp_line (start -1 -0.6) (end 1 -0.6) (layer F.Fab) (width 0.1))
    (fp_line (start -1 0.6) (end -1 -0.6) (layer F.Fab) (width 0.1))
    (pad 2 smd roundrect (at 1.025 0 180) (size 1.15 1.4) (layers F.Cu F.Paste F.Mask) (roundrect_rratio 0.217391)
      (net 1 GND))
    (pad 1 smd roundrect (at -1.025 0 180) (size 1.15 1.4) (layers F.Cu F.Paste F.Mask) (roundrect_rratio 0.217391)
      (net 3 "Net-(C2-Pad2)"))
    (model ${KISYS3DMOD}/Resistor_SMD.3dshapes/R_0805_2012Metric.wrl
      (at (xyz 0 0 0))
      (scale (xyz 1 1 1))
      (rotate (xyz 0 0 0))
    )
  )

  (module Resistor_SMD:R_0805_2012Metric_Pad1.15x1.40mm_HandSolder (layer F.Cu) (tedit 5B36C52B) (tstamp 5CCC50BC)
    (at 85.081 84.328 180)
    (descr "Resistor SMD 0805 (2012 Metric), square (rectangular) end terminal, IPC_7351 nominal with elongated pad for handsoldering. (Body size source: https://docs.google.com/spreadsheets/d/1BsfQQcO9C6DZCsRaXUlFlo91Tg2WpOkGARC1WS5S8t0/edit?usp=sharing), generated with kicad-footprint-generator")
    (tags "resistor handsolder")
    (path /5CD09C3B)
    (attr smd)
    (fp_text reference R5 (at 0.127 -1.6888 180) (layer F.SilkS)
      (effects (font (size 1 1) (thickness 0.15)))
    )
    (fp_text value R (at 0 1.65 180) (layer F.Fab)
      (effects (font (size 1 1) (thickness 0.15)))
    )
    (fp_text user %R (at 0.0418 0.1016 180) (layer F.Fab)
      (effects (font (size 0.5 0.5) (thickness 0.08)))
    )
    (fp_line (start 1.85 0.95) (end -1.85 0.95) (layer F.CrtYd) (width 0.05))
    (fp_line (start 1.85 -0.95) (end 1.85 0.95) (layer F.CrtYd) (width 0.05))
    (fp_line (start -1.85 -0.95) (end 1.85 -0.95) (layer F.CrtYd) (width 0.05))
    (fp_line (start -1.85 0.95) (end -1.85 -0.95) (layer F.CrtYd) (width 0.05))
    (fp_line (start -0.261252 0.71) (end 0.261252 0.71) (layer F.SilkS) (width 0.12))
    (fp_line (start -0.261252 -0.71) (end 0.261252 -0.71) (layer F.SilkS) (width 0.12))
    (fp_line (start 1 0.6) (end -1 0.6) (layer F.Fab) (width 0.1))
    (fp_line (start 1 -0.6) (end 1 0.6) (layer F.Fab) (width 0.1))
    (fp_line (start -1 -0.6) (end 1 -0.6) (layer F.Fab) (width 0.1))
    (fp_line (start -1 0.6) (end -1 -0.6) (layer F.Fab) (width 0.1))
    (pad 2 smd roundrect (at 1.025 0 180) (size 1.15 1.4) (layers F.Cu F.Paste F.Mask) (roundrect_rratio 0.217391)
      (net 4 "Net-(C2-Pad1)"))
    (pad 1 smd roundrect (at -1.025 0 180) (size 1.15 1.4) (layers F.Cu F.Paste F.Mask) (roundrect_rratio 0.217391)
      (net 10 "Net-(C3-Pad1)"))
    (model ${KISYS3DMOD}/Resistor_SMD.3dshapes/R_0805_2012Metric.wrl
      (at (xyz 0 0 0))
      (scale (xyz 1 1 1))
      (rotate (xyz 0 0 0))
    )
  )

  (module Package_TO_SOT_SMD:SOT-23 (layer F.Cu) (tedit 5A02FF57) (tstamp 5CCCCB9A)
    (at 102.362 85.6615)
    (descr "SOT-23, Standard")
    (tags SOT-23)
    (path /5CCEC2A4)
    (attr smd)
    (fp_text reference U1 (at 0 -2.5) (layer F.SilkS)
      (effects (font (size 1 1) (thickness 0.15)))
    )
    (fp_text value MCP1703A-5002_SOT23 (at 0 2.5) (layer F.Fab)
      (effects (font (size 1 1) (thickness 0.15)))
    )
    (fp_text user %R (at 0 0 90) (layer F.Fab)
      (effects (font (size 0.5 0.5) (thickness 0.075)))
    )
    (fp_line (start -0.7 -0.95) (end -0.7 1.5) (layer F.Fab) (width 0.1))
    (fp_line (start -0.15 -1.52) (end 0.7 -1.52) (layer F.Fab) (width 0.1))
    (fp_line (start -0.7 -0.95) (end -0.15 -1.52) (layer F.Fab) (width 0.1))
    (fp_line (start 0.7 -1.52) (end 0.7 1.52) (layer F.Fab) (width 0.1))
    (fp_line (start -0.7 1.52) (end 0.7 1.52) (layer F.Fab) (width 0.1))
    (fp_line (start 0.76 1.58) (end 0.76 0.65) (layer F.SilkS) (width 0.12))
    (fp_line (start 0.76 -1.58) (end 0.76 -0.65) (layer F.SilkS) (width 0.12))
    (fp_line (start -1.7 -1.75) (end 1.7 -1.75) (layer F.CrtYd) (width 0.05))
    (fp_line (start 1.7 -1.75) (end 1.7 1.75) (layer F.CrtYd) (width 0.05))
    (fp_line (start 1.7 1.75) (end -1.7 1.75) (layer F.CrtYd) (width 0.05))
    (fp_line (start -1.7 1.75) (end -1.7 -1.75) (layer F.CrtYd) (width 0.05))
    (fp_line (start 0.76 -1.58) (end -1.4 -1.58) (layer F.SilkS) (width 0.12))
    (fp_line (start 0.76 1.58) (end -0.7 1.58) (layer F.SilkS) (width 0.12))
    (pad 1 smd rect (at -1 -0.95) (size 0.9 0.8) (layers F.Cu F.Paste F.Mask)
      (net 1 GND))
    (pad 2 smd rect (at -1 0.95) (size 0.9 0.8) (layers F.Cu F.Paste F.Mask)
      (net 5 +5V))
    (pad 3 smd rect (at 1 0) (size 0.9 0.8) (layers F.Cu F.Paste F.Mask)
      (net 13 "Net-(C4-Pad1)"))
    (model ${KISYS3DMOD}/Package_TO_SOT_SMD.3dshapes/SOT-23.wrl
      (at (xyz 0 0 0))
      (scale (xyz 1 1 1))
      (rotate (xyz 0 0 0))
    )
  )

  (module Capacitor_SMD:C_0805_2012Metric_Pad1.15x1.40mm_HandSolder (layer F.Cu) (tedit 5B36C52B) (tstamp 5CCCF1C7)
    (at 102.244 89.662 180)
    (descr "Capacitor SMD 0805 (2012 Metric), square (rectangular) end terminal, IPC_7351 nominal with elongated pad for handsoldering. (Body size source: https://docs.google.com/spreadsheets/d/1BsfQQcO9C6DZCsRaXUlFlo91Tg2WpOkGARC1WS5S8t0/edit?usp=sharing), generated with kicad-footprint-generator")
    (tags "capacitor handsolder")
    (path /5CD28D20)
    (attr smd)
    (fp_text reference C4 (at 0 -1.65 180) (layer F.SilkS)
      (effects (font (size 1 1) (thickness 0.15)))
    )
    (fp_text value 0.1uF (at 0 1.65 180) (layer F.Fab)
      (effects (font (size 1 1) (thickness 0.15)))
    )
    (fp_text user %R (at 0 0 180) (layer F.Fab)
      (effects (font (size 0.5 0.5) (thickness 0.08)))
    )
    (fp_line (start 1.85 0.95) (end -1.85 0.95) (layer F.CrtYd) (width 0.05))
    (fp_line (start 1.85 -0.95) (end 1.85 0.95) (layer F.CrtYd) (width 0.05))
    (fp_line (start -1.85 -0.95) (end 1.85 -0.95) (layer F.CrtYd) (width 0.05))
    (fp_line (start -1.85 0.95) (end -1.85 -0.95) (layer F.CrtYd) (width 0.05))
    (fp_line (start -0.261252 0.71) (end 0.261252 0.71) (layer F.SilkS) (width 0.12))
    (fp_line (start -0.261252 -0.71) (end 0.261252 -0.71) (layer F.SilkS) (width 0.12))
    (fp_line (start 1 0.6) (end -1 0.6) (layer F.Fab) (width 0.1))
    (fp_line (start 1 -0.6) (end 1 0.6) (layer F.Fab) (width 0.1))
    (fp_line (start -1 -0.6) (end 1 -0.6) (layer F.Fab) (width 0.1))
    (fp_line (start -1 0.6) (end -1 -0.6) (layer F.Fab) (width 0.1))
    (pad 2 smd roundrect (at 1.025 0 180) (size 1.15 1.4) (layers F.Cu F.Paste F.Mask) (roundrect_rratio 0.217391)
      (net 1 GND))
    (pad 1 smd roundrect (at -1.025 0 180) (size 1.15 1.4) (layers F.Cu F.Paste F.Mask) (roundrect_rratio 0.217391)
      (net 13 "Net-(C4-Pad1)"))
    (model ${KISYS3DMOD}/Capacitor_SMD.3dshapes/C_0805_2012Metric.wrl
      (at (xyz 0 0 0))
      (scale (xyz 1 1 1))
      (rotate (xyz 0 0 0))
    )
  )

  (module Resistor_SMD:R_0805_2012Metric_Pad1.15x1.40mm_HandSolder (layer F.Cu) (tedit 5B36C52B) (tstamp 5CCCF1E9)
    (at 90.288 117.856)
